FT	ID	AT	WT	ST
1	32	32	0	1
2	33	33	0	2
3	13	16	0	3
3	34	35	1	2
4	29	26	0	4
5	4	5	0	5
5	17	22	0	5
5	24	26	0	5
5	31	30	0	5
7	16	21	0	7
7	27	26	1	6
7	28	26	2	5
8	5	5	0	8
8	8	12	0	8
9	6	6	0	9
10	9	16	0	10
11	30	30	10	1
12	11	16	0	12
14	19	22	11	3
14	23	26	3	11
16	10	16	0	16
17	25	26	2	15
18	22	22	16	2
20	7	9	0	20
20	22	22	16	4
22	3	5	0	22
22	20	22	11	11
22	26	26	1	21
23	21	22	14	9
27	2	5	0	27
31	1	5	0	31
32	18	22	10	22
Orders: 32	[ Norm: 11, Veg: 6, VIP: 15 ]
cooks: 10	[ Norm: 3, Veg: 5, VIP: 2, injured: 0 ]
Avg Wait= 3.0625, Avg Serv= 9.75
Urgent Orders: 0, Auto-promotion: 6.25%
